 i  s 
 0 15.3206
 1 15.3619
 2 15.4031
 3 15.4444
 4 15.4856
 5 15.5268
 6 15.5681
 7 15.6093
 8 15.6505
 9 15.6918
 10 15.733
 11 15.7742
 12 15.8154
 13 15.8567
 14 15.8979
 15 15.9392
 16 15.9804
 17 16.0217
 18 16.063
 19 16.1043
 20 16.1456
 21 16.187
 22 16.2284
 23 16.2699
 24 16.3113
 25 16.3529
 26 16.3944
 27 16.436
 28 16.4777
 29 16.5194
 30 16.5611
 31 16.6029
 32 16.6448
 33 16.6867
 34 16.7286
 35 16.7707
 36 16.8127
 37 16.8549
 38 16.897
 39 16.9393
 40 16.9816
 41 17.0239
 42 17.0664
 43 17.1088
 44 17.1514
 45 17.194
 46 17.2366
 47 17.2793
 48 17.3221
 49 17.3649
 50 17.4078
 51 17.4508
 52 17.4938
 53 17.5369
 54 17.58
 55 17.6232
 56 17.6664
 57 17.7097
 58 17.753
 59 17.7964
 60 17.8399
 61 17.8834
 62 17.927
 63 17.9706
 64 18.0143
 65 18.058
 66 18.1018
 67 18.1456
 68 18.1895
 69 18.2334
 70 18.2774
 71 18.3214
 72 18.3655
 73 18.4096
 74 18.4537
 75 18.498
 76 18.5422
 77 18.5865
 78 18.6309
 79 18.6753
 80 18.7197
 81 18.7642
 82 18.8087
 83 18.8533
 84 18.8979
 85 18.9425
 86 18.9872
 87 19.0319
 88 19.0767
 89 19.1215
 90 19.1663
 91 19.2112
 92 19.2561
 93 19.3011
 94 19.3461
 95 19.3911
 96 19.4362
 97 19.4813
 98 19.5264
 99 19.5716
 100 19.6168
 101 19.662
 102 19.7072
 103 19.7525
 104 19.7979
 105 19.8432
 106 19.8886
 107 19.934
 108 19.9795
 109 20.0249
 110 20.0704
 111 20.116
 112 20.1615
 113 20.2071
 114 20.2527
 115 20.2983
 116 20.344
 117 20.3897
 118 20.4354
 119 20.4811
 120 20.5269
 121 20.5727
 122 20.6185
 123 20.6643
 124 20.7102
 125 20.756
 126 20.8019
 127 20.8479
 128 20.8938
 129 20.9398
 130 20.9858
 131 21.0318
 132 21.0778
 133 21.1238
 134 21.1699
 135 21.216
 136 21.2621
 137 21.3082
 138 21.3543
 139 21.4005
 140 21.4466
 141 21.4928
 142 21.539
 143 21.5852
 144 21.6315
 145 21.6777
 146 21.724
 147 21.7702
 148 21.8165
 149 21.8628
 150 21.9092
 151 21.9555
 152 22.0018
 153 22.0482
 154 22.0946
 155 22.141
 156 22.1874
 157 22.2338
 158 22.2802
 159 22.3266
 160 22.3731
 161 22.4195
 162 22.466
 163 22.5124
 164 22.5589
 165 22.6054
 166 22.6519
 167 22.6984
 168 22.745
 169 22.7915
 170 22.838
 171 22.8846
 172 22.9311
 173 22.9777
 174 23.0243
 175 23.0708
 176 23.1174
 177 23.164
 178 23.2106
 179 23.2572
 180 23.3038
 181 23.3504
 182 23.397
 183 23.4437
 184 23.4903
 185 23.5369
 186 23.5836
 187 23.6302
 188 23.6769
 189 23.7235
 190 23.7702
 191 23.8168
 192 23.8635
 193 23.9102
 194 23.9568
 195 24.0035
 196 24.0502
 197 24.0968
 198 24.1435
 199 24.1902
 200 24.2369
 201 24.2836
 202 24.3302
 203 24.3769
 204 24.4236
 205 24.4703
 206 24.517
 207 24.5637
 208 24.6103
 209 24.657
 210 24.7037
 211 24.7504
 212 24.7971
 213 24.8438
 214 24.8904
 215 24.9371
 216 24.9838
 217 25.0305
 218 25.0772
 219 25.1238
 220 25.1705
 221 25.2172
 222 25.2638
 223 25.3105
 224 25.3571
 225 25.4038
 226 25.4505
 227 25.4971
 228 25.5437
 229 25.5904
 230 25.637
 231 25.6837
 232 25.7303
 233 25.7769
 234 25.8235
 235 25.8701
 236 25.9167
 237 25.9633
 238 26.0099
 239 26.0565
 240 26.1031
 241 26.1497
 242 26.1963
 243 26.2428
 244 26.2894
 245 26.336
 246 26.3825
 247 26.429
 248 26.4756
 249 26.5221
 250 26.5686
 251 26.6151
 252 26.6616
 253 26.7081
 254 26.7546
 255 26.8011
 256 26.8476
 257 26.894
 258 26.9405
 259 26.9869
 260 27.0334
 261 27.0798
 262 27.1262
 263 27.1726
 264 27.219
 265 27.2654
 266 27.3118
 267 27.3581
 268 27.4045
 269 27.4508
 270 27.4972
 271 27.5435
 272 27.5898
 273 27.6361
 274 27.6824
 275 27.7287
 276 27.775
 277 27.8212
 278 27.8675
 279 27.9137
 280 27.9599
 281 28.0062
 282 28.0524
 283 28.0985
 284 28.1447
 285 28.1909
 286 28.237
 287 28.2832
 288 28.3293
 289 28.3754
 290 28.4215
 291 28.4676
 292 28.5136
 293 28.5597
 294 28.6057
 295 28.6518
 296 28.6978
 297 28.7438
 298 28.7898
 299 28.8357
 300 28.8817
 301 28.9276
 302 28.9736
 303 29.0195
 304 29.0654
 305 29.1112
 306 29.1571
 307 29.203
 308 29.2488
 309 29.2946
 310 29.3404
 311 29.3862
 312 29.432
 313 29.4777
 314 29.5234
 315 29.5692
 316 29.6149
 317 29.6606
 318 29.7062
 319 29.7519
 320 29.7975
 321 29.8431
 322 29.8887
 323 29.9343
 324 29.9799
 325 30.0254
 326 30.0709
 327 30.1164
 328 30.1619
 329 30.2074
 330 30.2529
 331 30.2983
 332 30.3437
 333 30.3891
 334 30.4345
 335 30.4798
 336 30.5252
 337 30.5705
 338 30.6158
 339 30.6611
 340 30.7063
 341 30.7516
 342 30.7968
 343 30.842
 344 30.8872
 345 30.9324
 346 30.9775
 347 31.0226
 348 31.0677
 349 31.1128
 350 31.1579
 351 31.2029
 352 31.2479
 353 31.2929
 354 31.3379
 355 31.3828
 356 31.4277
 357 31.4727
 358 31.5175
 359 31.5624
 360 31.6072
 361 31.6521
 362 31.6969
 363 31.7416
 364 31.7864
 365 31.8311
 366 31.8758
 367 31.9205
 368 31.9652
 369 32.0098
 370 32.0544
 371 32.099
 372 32.1436
 373 32.1881
 374 32.2326
 375 32.2771
 376 32.3216
 377 32.3661
 378 32.4105
 379 32.4549
 380 32.4993
 381 32.5436
 382 32.5879
 383 32.6323
 384 32.6765
 385 32.7208
 386 32.765
 387 32.8092
 388 32.8534
 389 32.8975
 390 32.9417
 391 32.9858
 392 33.0298
 393 33.0739
 394 33.1179
 395 33.1619
 396 33.2059
 397 33.2498
 398 33.2938
 399 33.3377
 400 33.3815
 401 33.4254
 402 33.4692
 403 33.513
 404 33.5567
 405 33.6005
 406 33.6442
 407 33.6878
 408 33.7315
 409 33.7751
 410 33.8187
 411 33.8623
 412 33.9058
 413 33.9493
 414 33.9928
 415 34.0363
 416 34.0797
 417 34.1231
 418 34.1665
 419 34.2098
 420 34.2532
 421 34.2964
 422 34.3397
 423 34.3829
 424 34.4261
 425 34.4693
 426 34.5125
 427 34.5556
 428 34.5987
 429 34.6417
 430 34.6847
 431 34.7277
 432 34.7707
 433 34.8136
 434 34.8566
 435 34.8994
 436 34.9423
 437 34.9851
 438 35.0279
 439 35.0706
 440 35.1134
 441 35.1561
 442 35.1987
 443 35.2414
 444 35.284
 445 35.3265
 446 35.3691
 447 35.4116
 448 35.4541
 449 35.4965
 450 35.5389
 451 35.5813
 452 35.6237
 453 35.666
 454 35.7083
 455 35.7505
 456 35.7928
 457 35.835
 458 35.8771
 459 35.9193
 460 35.9614
 461 36.0034
 462 36.0454
 463 36.0874
 464 36.1294
 465 36.1713
 466 36.2133
 467 36.2551
 468 36.297
 469 36.3388
 470 36.3805
 471 36.4223
 472 36.464
 473 36.5056
 474 36.5473
 475 36.5889
 476 36.6304
 477 36.672
 478 36.7135
 479 36.7549
 480 36.7964
 481 36.8378
 482 36.8791
 483 36.9205
 484 36.9617
 485 37.003
 486 37.0442
 487 37.0854
 488 37.1266
 489 37.1677
 490 37.2088
 491 37.2498
 492 37.2908
 493 37.3318
 494 37.3728
 495 37.4137
 496 37.4545
 497 37.4954
 498 37.5362
 499 37.5769
 500 37.6177
 501 37.6584
 502 37.699
 503 37.7396
 504 37.7802
 505 37.8208
 506 37.8613
 507 37.9018
 508 37.9422
 509 37.9826
 510 38.023
 511 38.0633
 512 38.1036
 513 38.1438
 514 38.1841
 515 38.2242
 516 38.2644
 517 38.3045
 518 38.3446
 519 38.3846
 520 38.4246
 521 38.4645
 522 38.5045
 523 38.5443
 524 38.5842
 525 38.624
 526 38.6638
 527 38.7035
 528 38.7432
 529 38.7828
 530 38.8224
 531 38.862
 532 38.9015
 533 38.941
 534 38.9805
 535 39.0199
 536 39.0593
 537 39.0986
 538 39.1379
 539 39.1772
 540 39.2164
 541 39.2556
 542 39.2948
 543 39.3339
 544 39.3729
 545 39.4119
 546 39.4509
 547 39.4899
 548 39.5288
 549 39.5677
 550 39.6065
 551 39.6453
 552 39.684
 553 39.7227
 554 39.7614
 555 39.8
 556 39.8386
 557 39.8771
 558 39.9156
 559 39.9541
 560 39.9925
 561 40.0309
 562 40.0692
 563 40.1075
 564 40.1458
 565 40.184
 566 40.2222
 567 40.2603
 568 40.2984
 569 40.3365
 570 40.3745
 571 40.4125
 572 40.4504
 573 40.4883
 574 40.5261
 575 40.5639
 576 40.6017
 577 40.6394
 578 40.6771
 579 40.7147
 580 40.7523
 581 40.7898
 582 40.8273
 583 40.8648
 584 40.9022
 585 40.9396
 586 40.9769
 587 41.0142
 588 41.0515
 589 41.0887
 590 41.1258
 591 41.1629
 592 41.2
 593 41.2371
 594 41.274
 595 41.311
 596 41.3479
 597 41.3847
 598 41.4216
 599 41.4583
 600 41.4951
 601 41.5317
 602 41.5684
 603 41.605
 604 41.6415
 605 41.678
 606 41.7145
 607 41.7509
 608 41.7873
 609 41.8236
 610 41.8599
 611 41.8961
 612 41.9323
 613 41.9685
 614 42.0046
 615 42.0407
 616 42.0767
 617 42.1127
 618 42.1486
 619 42.1845
 620 42.2203
 621 42.2561
 622 42.2918
 623 42.3275
 624 42.3632
 625 42.3988
 626 42.4344
 627 42.4699
 628 42.5054
 629 42.5408
 630 42.5762
 631 42.6115
 632 42.6468
 633 42.682
 634 42.7172
 635 42.7524
 636 42.7875
 637 42.8225
 638 42.8575
 639 42.8925
 640 42.9274
 641 42.9623
 642 42.9971
 643 43.0319
 644 43.0666
 645 43.1013
 646 43.136
 647 43.1705
 648 43.2051
 649 43.2396
 650 43.274
 651 43.3084
 652 43.3428
 653 43.3771
 654 43.4113
 655 43.4456
 656 43.4797
 657 43.5138
 658 43.5479
 659 43.5819
 660 43.6159
 661 43.6498
 662 43.6837
 663 43.7175
 664 43.7513
 665 43.785
 666 43.8187
 667 43.8524
 668 43.886
 669 43.9195
 670 43.953
 671 43.9864
 672 44.0198
 673 44.0532
 674 44.0865
 675 44.1197
 676 44.1529
 677 44.1861
 678 44.2192
 679 44.2522
 680 44.2852
 681 44.3182
 682 44.3511
 683 44.3839
 684 44.4167
 685 44.4495
 686 44.4822
 687 44.5148
 688 44.5474
 689 44.58
 690 44.6125
 691 44.645
 692 44.6774
 693 44.7097
 694 44.742
 695 44.7743
 696 44.8065
 697 44.8387
 698 44.8708
 699 44.9028
 700 44.9348
 701 44.9668
 702 44.9987
 703 45.0306
 704 45.0624
 705 45.0941
 706 45.1258
 707 45.1575
 708 45.1891
 709 45.2206
 710 45.2521
 711 45.2836
 712 45.315
 713 45.3463
 714 45.3776
 715 45.4089
 716 45.4401
 717 45.4712
 718 45.5023
 719 45.5333
 720 45.5643
 721 45.5953
 722 45.6261
 723 45.657
 724 45.6878
 725 45.7185
 726 45.7492
 727 45.7798
 728 45.8104
 729 45.8409
 730 45.8714
 731 45.9018
 732 45.9321
 733 45.9624
 734 45.9927
 735 46.0229
 736 46.0531
 737 46.0832
 738 46.1132
 739 46.1432
 740 46.1732
 741 46.2031
 742 46.2329
 743 46.2627
 744 46.2924
 745 46.3221
 746 46.3517
 747 46.3813
 748 46.4108
 749 46.4403
 750 46.4697
 751 46.4991
 752 46.5284
 753 46.5577
 754 46.5869
 755 46.616
 756 46.6451
 757 46.6742
 758 46.7032
 759 46.7321
 760 46.761
 761 46.7898
 762 46.8186
 763 46.8473
 764 46.876
 765 46.9046
 766 46.9332
 767 46.9617
 768 46.9901
 769 47.0185
 770 47.0469
 771 47.0751
 772 47.1034
 773 47.1316
 774 47.1597
 775 47.1878
 776 47.2158
 777 47.2437
 778 47.2716
 779 47.2995
 780 47.3273
 781 47.355
 782 47.3827
 783 47.4104
 784 47.438
 785 47.4655
 786 47.4929
 787 47.5204
 788 47.5477
 789 47.575
 790 47.6023
 791 47.6295
 792 47.6566
 793 47.6837
 794 47.7107
 795 47.7377
 796 47.7646
 797 47.7915
 798 47.8183
 799 47.845
 800 47.8717
 801 47.8984
 802 47.925
 803 47.9515
 804 47.978
 805 48.0044
 806 48.0307
 807 48.0571
 808 48.0833
 809 48.1095
 810 48.1356
 811 48.1617
 812 48.1877
 813 48.2137
 814 48.2396
 815 48.2655
 816 48.2913
 817 48.317
 818 48.3427
 819 48.3683
 820 48.3939
 821 48.4194
 822 48.4449
 823 48.4703
 824 48.4956
 825 48.5209
 826 48.5462
 827 48.5713
 828 48.5965
 829 48.6215
 830 48.6465
 831 48.6715
 832 48.6964
 833 48.7212
 834 48.746
 835 48.7707
 836 48.7954
 837 48.82
 838 48.8445
 839 48.869
 840 48.8934
 841 48.9178
 842 48.9421
 843 48.9664
 844 48.9906
 845 49.0147
 846 49.0388
 847 49.0629
 848 49.0868
 849 49.1107
 850 49.1346
 851 49.1584
 852 49.1821
 853 49.2058
 854 49.2294
 855 49.253
 856 49.2765
 857 49.3
 858 49.3234
 859 49.3467
 860 49.37
 861 49.3932
 862 49.4164
 863 49.4395
 864 49.4625
 865 49.4855
 866 49.5084
 867 49.5313
 868 49.5541
 869 49.5768
 870 49.5995
 871 49.6222
 872 49.6447
 873 49.6672
 874 49.6897
 875 49.7121
 876 49.7344
 877 49.7567
 878 49.7789
 879 49.8011
 880 49.8232
 881 49.8452
 882 49.8672
 883 49.8892
 884 49.911
 885 49.9328
 886 49.9546
 887 49.9763
 888 49.9979
 889 50.0195
 890 50.041
 891 50.0624
 892 50.0838
 893 50.1051
 894 50.1264
 895 50.1476
 896 50.1688
 897 50.1899
 898 50.2109
 899 50.2319
 900 50.2528
 901 50.2737
 902 50.2944
 903 50.3152
 904 50.3359
 905 50.3565
 906 50.377
 907 50.3975
 908 50.418
 909 50.4383
 910 50.4586
 911 50.4789
 912 50.4991
 913 50.5192
 914 50.5393
 915 50.5593
 916 50.5793
 917 50.5992
 918 50.619
 919 50.6388
 920 50.6585
 921 50.6781
 922 50.6977
 923 50.7172
 924 50.7367
 925 50.7561
 926 50.7755
 927 50.7948
 928 50.814
 929 50.8331
 930 50.8523
 931 50.8713
 932 50.8903
 933 50.9092
 934 50.9281
 935 50.9469
 936 50.9656
 937 50.9843
 938 51.0029
 939 51.0215
 940 51.0399
 941 51.0584
 942 51.0768
 943 51.0951
 944 51.1133
 945 51.1315
 946 51.1496
 947 51.1677
 948 51.1857
 949 51.2036
 950 51.2215
 951 51.2393
 952 51.2571
 953 51.2748
 954 51.2924
 955 51.31
 956 51.3275
 957 51.345
 958 51.3624
 959 51.3797
 960 51.397
 961 51.4142
 962 51.4313
 963 51.4484
 964 51.4654
 965 51.4824
 966 51.4993
 967 51.5161
 968 51.5329
 969 51.5496
 970 51.5662
 971 51.5828
 972 51.5993
 973 51.6158
 974 51.6322
 975 51.6485
 976 51.6648
 977 51.681
 978 51.6972
 979 51.7133
 980 51.7293
 981 51.7452
 982 51.7611
 983 51.777
 984 51.7928
 985 51.8085
 986 51.8241
 987 51.8397
 988 51.8552
 989 51.8707
 990 51.8861
 991 51.9014
 992 51.9167
 993 51.9319
 994 51.9471
 995 51.9622
 996 51.9772
 997 51.9922
 998 52.0071
 999 52.0219
 1000 52.0367
 1001 52.0514
 1002 52.066
 1003 52.0806
 1004 52.0951
 1005 52.1096
 1006 52.124
 1007 52.1383
 1008 52.1526
 1009 52.1668
 1010 52.181
 1011 52.195
 1012 52.2091
 1013 52.223
 1014 52.2369
 1015 52.2507
 1016 52.2645
 1017 52.2782
 1018 52.2919
 1019 52.3054
 1020 52.3189
 1021 52.3324
 1022 52.3458
 1023 52.3591
 1024 52.3724
 1025 52.3856
 1026 52.3987
 1027 52.4118
 1028 52.4248
 1029 52.4377
 1030 52.4506
 1031 52.4634
 1032 52.4762
 1033 52.4889
 1034 52.5015
 1035 52.514
 1036 52.5265
 1037 52.539
 1038 52.5513
 1039 52.5637
 1040 52.5759
 1041 52.5881
 1042 52.6002
 1043 52.6122
 1044 52.6242
 1045 52.6362
 1046 52.648
 1047 52.6598
 1048 52.6715
 1049 52.6832
 1050 52.6948
 1051 52.7064
 1052 52.7178
 1053 52.7293
 1054 52.7406
 1055 52.7519
 1056 52.7631
 1057 52.7743
 1058 52.7854
 1059 52.7964
 1060 52.8074
 1061 52.8183
 1062 52.8291
 1063 52.8399
 1064 52.8506
 1065 52.8612
 1066 52.8718
 1067 52.8823
 1068 52.8928
 1069 52.9032
 1070 52.9135
 1071 52.9237
 1072 52.9339
 1073 52.9441
 1074 52.9541
 1075 52.9641
 1076 52.9741
 1077 52.984
 1078 52.9938
 1079 53.0035
 1080 53.0132
 1081 53.0228
 1082 53.0324
 1083 53.0418
 1084 53.0513
 1085 53.0606
 1086 53.0699
 1087 53.0791
 1088 53.0883
 1089 53.0974
 1090 53.1064
 1091 53.1154
 1092 53.1243
 1093 53.1332
 1094 53.1419
 1095 53.1506
 1096 53.1593
 1097 53.1679
 1098 53.1764
 1099 53.1848
 1100 53.1932
 1101 53.2016
 1102 53.2098
 1103 53.218
 1104 53.2261
 1105 53.2342
 1106 53.2422
 1107 53.2501
 1108 53.258
 1109 53.2658
 1110 53.2736
 1111 53.2812
 1112 53.2888
 1113 53.2964
 1114 53.3039
 1115 53.3113
 1116 53.3186
 1117 53.3259
 1118 53.3331
 1119 53.3403
 1120 53.3474
 1121 53.3544
 1122 53.3614
 1123 53.3683
 1124 53.3751
 1125 53.3819
 1126 53.3886
 1127 53.3952
 1128 53.4018
 1129 53.4083
 1130 53.4147
 1131 53.4211
 1132 53.4274
 1133 53.4337
 1134 53.4398
 1135 53.446
 1136 53.452
 1137 53.458
 1138 53.4639
 1139 53.4698
 1140 53.4756
 1141 53.4813
 1142 53.4869
 1143 53.4925
 1144 53.4981
 1145 53.5035
 1146 53.5089
 1147 53.5143
 1148 53.5195
 1149 53.5247
 1150 53.5299
 1151 53.5349
 1152 53.5399
 1153 53.5449
 1154 53.5498
 1155 53.5546
 1156 53.5593
 1157 53.564
 1158 53.5686
 1159 53.5731
 1160 53.5776
 1161 53.5821
 1162 53.5864
 1163 53.5907
 1164 53.5949
 1165 53.5991
 1166 53.6032
 1167 53.6072
 1168 53.6111
 1169 53.615
 1170 53.6189
 1171 53.6226
 1172 53.6263
 1173 53.63
 1174 53.6335
 1175 53.637
 1176 53.6405
 1177 53.6438
 1178 53.6472
 1179 53.6504
 1180 53.6536
 1181 53.6567
 1182 53.6597
 1183 53.6627
 1184 53.6656
 1185 53.6685
 1186 53.6712
 1187 53.674
 1188 53.6766
 1189 53.6792
 1190 53.6817
 1191 53.6842
 1192 53.6866
 1193 53.6889
 1194 53.6911
 1195 53.6933
 1196 53.6955
 1197 53.6975
 1198 53.6995
 1199 53.7014
 1200 53.7033
 1201 53.7051
 1202 53.7068
 1203 53.7085
 1204 53.7101
 1205 53.7116
 1206 53.7131
 1207 53.7145
 1208 53.7159
 1209 53.7171
 1210 53.7183
 1211 53.7195
 1212 53.7206
 1213 53.7216
 1214 53.7225
 1215 53.7234
 1216 53.7242
 1217 53.725
 1218 53.7256
 1219 53.7263
 1220 53.7268
 1221 53.7273
 1222 53.7277
 1223 53.7281
 1224 53.7284
 1225 53.7286
 1226 53.7287
 1227 53.7288
 1228 53.7289
 1229 53.7288
 1230 53.7287
 1231 53.7286
 1232 53.7283
 1233 53.728
 1234 53.7277
 1235 53.7272
 1236 53.7267
 1237 53.7262
 1238 53.7255
 1239 53.7248
 1240 53.7241
 1241 53.7233
 1242 53.7224
 1243 53.7214
 1244 53.7204
 1245 53.7193
 1246 53.7181
 1247 53.7169
 1248 53.7156
 1249 53.7143
 1250 53.7129
 1251 53.7114
 1252 53.7098
 1253 53.7082
 1254 53.7065
 1255 53.7048
 1256 53.703
 1257 53.7011
 1258 53.6992
 1259 53.6972
 1260 53.6951
 1261 53.693
 1262 53.6908
 1263 53.6885
 1264 53.6862
 1265 53.6838
 1266 53.6813
 1267 53.6788
 1268 53.6762
 1269 53.6735
 1270 53.6708
 1271 53.668
 1272 53.6651
 1273 53.6622
 1274 53.6592
 1275 53.6562
 1276 53.653
 1277 53.6498
 1278 53.6466
 1279 53.6433
 1280 53.6399
 1281 53.6364
 1282 53.6329
 1283 53.6294
 1284 53.6257
 1285 53.622
 1286 53.6182
 1287 53.6144
 1288 53.6105
 1289 53.6065
 1290 53.6025
 1291 53.5984
 1292 53.5942
 1293 53.59
 1294 53.5857
 1295 53.5813
 1296 53.5769
 1297 53.5724
 1298 53.5678
 1299 53.5632
 1300 53.5585
 1301 53.5537
 1302 53.5489
 1303 53.544
 1304 53.5391
 1305 53.5341
 1306 53.529
 1307 53.5238
 1308 53.5186
 1309 53.5133
 1310 53.508
 1311 53.5026
 1312 53.4971
 1313 53.4916
 1314 53.486
 1315 53.4803
 1316 53.4746
 1317 53.4688
 1318 53.4629
 1319 53.457
 1320 53.451
 1321 53.4449
 1322 53.4388
 1323 53.4326
 1324 53.4263
 1325 53.42
 1326 53.4136
 1327 53.4072
 1328 53.4007
 1329 53.3941
 1330 53.3874
 1331 53.3807
 1332 53.374
 1333 53.3671
 1334 53.3602
 1335 53.3532
 1336 53.3462
 1337 53.3391
 1338 53.3319
 1339 53.3247
 1340 53.3174
 1341 53.31
 1342 53.3026
 1343 53.2951
 1344 53.2876
 1345 53.2799
 1346 53.2722
 1347 53.2645
 1348 53.2567
 1349 53.2488
 1350 53.2409
 1351 53.2328
 1352 53.2248
 1353 53.2166
 1354 53.2084
 1355 53.2001
 1356 53.1918
 1357 53.1834
 1358 53.175
 1359 53.1664
 1360 53.1578
 1361 53.1492
 1362 53.1404
 1363 53.1317
 1364 53.1228
 1365 53.1139
 1366 53.1049
 1367 53.0959
 1368 53.0868
 1369 53.0776
 1370 53.0683
 1371 53.059
 1372 53.0497
 1373 53.0402
 1374 53.0307
 1375 53.0212
 1376 53.0115
 1377 53.0019
 1378 52.9921
 1379 52.9823
 1380 52.9724
 1381 52.9624
 1382 52.9524
 1383 52.9424
 1384 52.9322
 1385 52.922
 1386 52.9117
 1387 52.9014
 1388 52.891
 1389 52.8805
 1390 52.87
 1391 52.8594
 1392 52.8488
 1393 52.838
 1394 52.8273
 1395 52.8164
 1396 52.8055
 1397 52.7945
 1398 52.7835
 1399 52.7724
 1400 52.7612
 1401 52.75
 1402 52.7387
 1403 52.7273
 1404 52.7159
 1405 52.7044
 1406 52.6929
 1407 52.6812
 1408 52.6696
 1409 52.6578
 1410 52.646
 1411 52.6341
 1412 52.6222
 1413 52.6102
 1414 52.5981
 1415 52.586
 1416 52.5738
 1417 52.5616
 1418 52.5492
 1419 52.5369
 1420 52.5244
 1421 52.5119
 1422 52.4993
 1423 52.4867
 1424 52.474
 1425 52.4612
 1426 52.4484
 1427 52.4355
 1428 52.4226
 1429 52.4095
 1430 52.3965
 1431 52.3833
 1432 52.3701
 1433 52.3568
 1434 52.3435
 1435 52.3301
 1436 52.3166
 1437 52.3031
 1438 52.2895
 1439 52.2759
 1440 52.2622
 1441 52.2484
 1442 52.2346
 1443 52.2207
 1444 52.2067
 1445 52.1927
 1446 52.1786
 1447 52.1644
 1448 52.1502
 1449 52.1359
 1450 52.1216
 1451 52.1072
 1452 52.0927
 1453 52.0781
 1454 52.0635
 1455 52.0489
 1456 52.0342
 1457 52.0194
 1458 52.0045
 1459 51.9896
 1460 51.9746
 1461 51.9596
 1462 51.9445
 1463 51.9294
 1464 51.9141
 1465 51.8988
 1466 51.8835
 1467 51.8681
 1468 51.8526
 1469 51.8371
 1470 51.8215
 1471 51.8058
 1472 51.7901
 1473 51.7743
 1474 51.7584
 1475 51.7425
 1476 51.7266
 1477 51.7105
 1478 51.6944
 1479 51.6783
 1480 51.662
 1481 51.6458
 1482 51.6294
 1483 51.613
 1484 51.5965
 1485 51.58
 1486 51.5634
 1487 51.5467
 1488 51.53
 1489 51.5132
 1490 51.4964
 1491 51.4795
 1492 51.4625
 1493 51.4455
 1494 51.4284
 1495 51.4112
 1496 51.394
 1497 51.3768
 1498 51.3594
 1499 51.342
 1500 51.3246
 1501 51.307
 1502 51.2894
 1503 51.2718
 1504 51.2541
 1505 51.2363
 1506 51.2185
 1507 51.2006
 1508 51.1826
 1509 51.1646
 1510 51.1466
 1511 51.1284
 1512 51.1102
 1513 51.092
 1514 51.0736
 1515 51.0553
 1516 51.0368
 1517 51.0183
 1518 50.9997
 1519 50.9811
 1520 50.9624
 1521 50.9437
 1522 50.9249
 1523 50.906
 1524 50.8871
 1525 50.8681
 1526 50.849
 1527 50.8299
 1528 50.8107
 1529 50.7915
 1530 50.7722
 1531 50.7528
 1532 50.7334
 1533 50.7139
 1534 50.6944
 1535 50.6748
 1536 50.6551
 1537 50.6354
 1538 50.6156
 1539 50.5958
 1540 50.5759
 1541 50.5559
 1542 50.5359
 1543 50.5158
 1544 50.4957
 1545 50.4755
 1546 50.4552
 1547 50.4349
 1548 50.4145
 1549 50.394
 1550 50.3735
 1551 50.353
 1552 50.3323
 1553 50.3117
 1554 50.2909
 1555 50.2701
 1556 50.2492
 1557 50.2283
 1558 50.2073
 1559 50.1863
 1560 50.1652
 1561 50.144
 1562 50.1228
 1563 50.1015
 1564 50.0802
 1565 50.0588
 1566 50.0373
 1567 50.0158
 1568 49.9942
 1569 49.9726
 1570 49.9509
 1571 49.9291
 1572 49.9073
 1573 49.8854
 1574 49.8635
 1575 49.8415
 1576 49.8194
 1577 49.7973
 1578 49.7752
 1579 49.7529
 1580 49.7306
 1581 49.7083
 1582 49.6859
 1583 49.6634
 1584 49.6409
 1585 49.6183
 1586 49.5957
 1587 49.573
 1588 49.5502
 1589 49.5274
 1590 49.5045
 1591 49.4816
 1592 49.4586
 1593 49.4355
 1594 49.4124
 1595 49.3893
 1596 49.366
 1597 49.3427
 1598 49.3194
 1599 49.296
 1600 49.2725
 1601 49.249
 1602 49.2254
 1603 49.2018
 1604 49.1781
 1605 49.1544
 1606 49.1305
 1607 49.1067
 1608 49.0828
 1609 49.0588
 1610 49.0347
 1611 49.0106
 1612 48.9865
 1613 48.9623
 1614 48.938
 1615 48.9137
 1616 48.8893
 1617 48.8648
 1618 48.8403
 1619 48.8158
 1620 48.7912
 1621 48.7665
 1622 48.7418
 1623 48.717
 1624 48.6921
 1625 48.6672
 1626 48.6423
 1627 48.6173
 1628 48.5922
 1629 48.5671
 1630 48.5419
 1631 48.5166
 1632 48.4913
 1633 48.466
 1634 48.4406
 1635 48.4151
 1636 48.3896
 1637 48.364
 1638 48.3383
 1639 48.3126
 1640 48.2869
 1641 48.2611
 1642 48.2352
 1643 48.2093
 1644 48.1833
 1645 48.1573
 1646 48.1312
 1647 48.105
 1648 48.0788
 1649 48.0526
 1650 48.0263
 1651 47.9999
 1652 47.9735
 1653 47.947
 1654 47.9204
 1655 47.8939
 1656 47.8672
 1657 47.8405
 1658 47.8137
 1659 47.7869
 1660 47.76
 1661 47.7331
 1662 47.7061
 1663 47.6791
 1664 47.652
 1665 47.6249
 1666 47.5977
 1667 47.5704
 1668 47.5431
 1669 47.5157
 1670 47.4883
 1671 47.4608
 1672 47.4333
 1673 47.4057
 1674 47.378
 1675 47.3503
 1676 47.3226
 1677 47.2948
 1678 47.2669
 1679 47.239
 1680 47.211
 1681 47.183
 1682 47.1549
 1683 47.1268
 1684 47.0986
 1685 47.0703
 1686 47.042
 1687 47.0137
 1688 46.9853
 1689 46.9568
 1690 46.9283
 1691 46.8997
 1692 46.8711
 1693 46.8424
 1694 46.8137
 1695 46.7849
 1696 46.7561
 1697 46.7272
 1698 46.6982
 1699 46.6692
 1700 46.6402
 1701 46.6111
 1702 46.5819
 1703 46.5527
 1704 46.5234
 1705 46.4941
 1706 46.4647
 1707 46.4353
 1708 46.4058
 1709 46.3763
 1710 46.3467
 1711 46.3171
 1712 46.2874
 1713 46.2576
 1714 46.2278
 1715 46.198
 1716 46.1681
 1717 46.1381
 1718 46.1081
 1719 46.0781
 1720 46.048
 1721 46.0178
 1722 45.9876
 1723 45.9573
 1724 45.927
 1725 45.8966
 1726 45.8662
 1727 45.8357
 1728 45.8052
 1729 45.7746
 1730 45.7439
 1731 45.7133
 1732 45.6825
 1733 45.6517
 1734 45.6209
 1735 45.59
 1736 45.5591
 1737 45.5281
 1738 45.497
 1739 45.4659
 1740 45.4348
 1741 45.4036
 1742 45.3723
 1743 45.341
 1744 45.3096
 1745 45.2782
 1746 45.2468
 1747 45.2153
 1748 45.1837
 1749 45.1521
 1750 45.1204
 1751 45.0887
 1752 45.057
 1753 45.0251
 1754 44.9933
 1755 44.9614
 1756 44.9294
 1757 44.8974
 1758 44.8653
 1759 44.8332
 1760 44.801
 1761 44.7688
 1762 44.7366
 1763 44.7042
 1764 44.6719
 1765 44.6395
 1766 44.607
 1767 44.5745
 1768 44.5419
 1769 44.5093
 1770 44.4766
 1771 44.4439
 1772 44.4111
 1773 44.3783
 1774 44.3455
 1775 44.3126
 1776 44.2796
 1777 44.2466
 1778 44.2135
 1779 44.1804
 1780 44.1473
 1781 44.1141
 1782 44.0808
 1783 44.0475
 1784 44.0141
 1785 43.9807
 1786 43.9473
 1787 43.9138
 1788 43.8802
 1789 43.8467
 1790 43.813
 1791 43.7793
 1792 43.7456
 1793 43.7118
 1794 43.6779
 1795 43.6441
 1796 43.6101
 1797 43.5761
 1798 43.5421
 1799 43.508
 1800 43.4739
 1801 43.4397
 1802 43.4055
 1803 43.3713
 1804 43.3369
 1805 43.3026
 1806 43.2682
 1807 43.2337
 1808 43.1992
 1809 43.1647
 1810 43.1301
 1811 43.0954
 1812 43.0607
 1813 43.026
 1814 42.9912
 1815 42.9564
 1816 42.9215
 1817 42.8866
 1818 42.8516
 1819 42.8166
 1820 42.7815
 1821 42.7464
 1822 42.7112
 1823 42.676
 1824 42.6408
 1825 42.6055
 1826 42.5701
 1827 42.5348
 1828 42.4993
 1829 42.4638
 1830 42.4283
 1831 42.3927
 1832 42.3571
 1833 42.3215
 1834 42.2858
 1835 42.25
 1836 42.2142
 1837 42.1784
 1838 42.1425
 1839 42.1065
 1840 42.0706
 1841 42.0345
 1842 41.9985
 1843 41.9624
 1844 41.9262
 1845 41.89
 1846 41.8537
 1847 41.8174
 1848 41.7811
 1849 41.7447
 1850 41.7083
 1851 41.6718
 1852 41.6353
 1853 41.5988
 1854 41.5622
 1855 41.5255
 1856 41.4888
 1857 41.4521
 1858 41.4153
 1859 41.3785
 1860 41.3416
 1861 41.3047
 1862 41.2678
 1863 41.2308
 1864 41.1937
 1865 41.1566
 1866 41.1195
 1867 41.0823
 1868 41.0451
 1869 41.0079
 1870 40.9706
 1871 40.9332
 1872 40.8958
 1873 40.8584
 1874 40.821
 1875 40.7834
 1876 40.7459
 1877 40.7083
 1878 40.6707
 1879 40.633
 1880 40.5952
 1881 40.5575
 1882 40.5197
 1883 40.4818
 1884 40.4439
 1885 40.406
 1886 40.368
 1887 40.33
 1888 40.292
 1889 40.2539
 1890 40.2157
 1891 40.1775
 1892 40.1393
 1893 40.101
 1894 40.0627
 1895 40.0244
 1896 39.986
 1897 39.9476
 1898 39.9091
 1899 39.8706
 1900 39.832
 1901 39.7934
 1902 39.7548
 1903 39.7161
 1904 39.6774
 1905 39.6387
 1906 39.5999
 1907 39.561
 1908 39.5222
 1909 39.4833
 1910 39.4443
 1911 39.4053
 1912 39.3663
 1913 39.3272
 1914 39.2881
 1915 39.2489
 1916 39.2098
 1917 39.1705
 1918 39.1313
 1919 39.0919
 1920 39.0526
 1921 39.0132
 1922 38.9738
 1923 38.9343
 1924 38.8948
 1925 38.8553
 1926 38.8157
 1927 38.7761
 1928 38.7364
 1929 38.6967
 1930 38.657
 1931 38.6172
 1932 38.5774
 1933 38.5376
 1934 38.4977
 1935 38.4578
 1936 38.4178
 1937 38.3778
 1938 38.3378
 1939 38.2977
 1940 38.2576
 1941 38.2174
 1942 38.1772
 1943 38.137
 1944 38.0967
 1945 38.0565
 1946 38.0161
 1947 37.9757
 1948 37.9353
 1949 37.8949
 1950 37.8544
 1951 37.8139
 1952 37.7733
 1953 37.7327
 1954 37.6921
 1955 37.6515
 1956 37.6108
 1957 37.57
 1958 37.5292
 1959 37.4884
 1960 37.4476
 1961 37.4067
 1962 37.3658
 1963 37.3249
 1964 37.2839
 1965 37.2429
 1966 37.2018
 1967 37.1607
 1968 37.1196
 1969 37.0784
 1970 37.0372
 1971 36.996
 1972 36.9547
 1973 36.9134
 1974 36.8721
 1975 36.8307
 1976 36.7893
 1977 36.7479
 1978 36.7064
 1979 36.6649
 1980 36.6234
 1981 36.5818
 1982 36.5402
 1983 36.4985
 1984 36.4569
 1985 36.4152
 1986 36.3734
 1987 36.3317
 1988 36.2898
 1989 36.248
 1990 36.2061
 1991 36.1642
 1992 36.1223
 1993 36.0803
 1994 36.0383
 1995 35.9963
 1996 35.9542
 1997 35.9121
 1998 35.87
 1999 35.8278
 2000 35.7856
 2001 35.7434
 2002 35.7011
 2003 35.6588
 2004 35.6165
 2005 35.5741
 2006 35.5317
 2007 35.4893
 2008 35.4468
 2009 35.4044
 2010 35.3618
 2011 35.3193
 2012 35.2767
 2013 35.2341
 2014 35.1915
 2015 35.1488
 2016 35.1061
 2017 35.0634
 2018 35.0206
 2019 34.9778
 2020 34.935
 2021 34.8921
 2022 34.8493
 2023 34.8063
 2024 34.7634
 2025 34.7204
 2026 34.6774
 2027 34.6344
 2028 34.5913
 2029 34.5482
 2030 34.5051
 2031 34.462
 2032 34.4188
 2033 34.3756
 2034 34.3324
 2035 34.2891
 2036 34.2458
 2037 34.2025
 2038 34.1591
 2039 34.1157
 2040 34.0723
 2041 34.0289
 2042 33.9854
 2043 33.942
 2044 33.8984
 2045 33.8549
 2046 33.8113
 2047 33.7677
 2048 33.7241
 2049 33.6804
 2050 33.6367
 2051 33.593
 2052 33.5493
 2053 33.5055
 2054 33.4617
 2055 33.4179
 2056 33.3741
 2057 33.3302
 2058 33.2863
 2059 33.2424
 2060 33.1984
 2061 33.1544
 2062 33.1104
 2063 33.0664
 2064 33.0224
 2065 32.9783
 2066 32.9342
 2067 32.89
 2068 32.8459
 2069 32.8017
 2070 32.7575
 2071 32.7133
 2072 32.669
 2073 32.6247
 2074 32.5804
 2075 32.5361
 2076 32.4917
 2077 32.4473
 2078 32.4029
 2079 32.3585
 2080 32.3141
 2081 32.2696
 2082 32.2251
 2083 32.1806
 2084 32.136
 2085 32.0914
 2086 32.0468
 2087 32.0022
 2088 31.9576
 2089 31.9129
 2090 31.8682
 2091 31.8235
 2092 31.7788
 2093 31.734
 2094 31.6893
 2095 31.6444
 2096 31.5996
 2097 31.5548
 2098 31.5099
 2099 31.465
 2100 31.4201
 2101 31.3752
 2102 31.3302
 2103 31.2852
 2104 31.2403
 2105 31.1952
 2106 31.1502
 2107 31.1051
 2108 31.06
 2109 31.0149
 2110 30.9698
 2111 30.9247
 2112 30.8795
 2113 30.8343
 2114 30.7891
 2115 30.7439
 2116 30.6987
 2117 30.6534
 2118 30.6081
 2119 30.5628
 2120 30.5175
 2121 30.4721
 2122 30.4268
 2123 30.3814
 2124 30.336
 2125 30.2906
 2126 30.2451
 2127 30.1997
 2128 30.1542
 2129 30.1087
 2130 30.0632
 2131 30.0177
 2132 29.9721
 2133 29.9266
 2134 29.881
 2135 29.8354
 2136 29.7897
 2137 29.7441
 2138 29.6985
 2139 29.6528
 2140 29.6071
 2141 29.5614
 2142 29.5157
 2143 29.4699
 2144 29.4242
 2145 29.3784
 2146 29.3326
 2147 29.2868
 2148 29.241
 2149 29.1952
 2150 29.1493
 2151 29.1034
 2152 29.0576
 2153 29.0117
 2154 28.9657
 2155 28.9198
 2156 28.8739
 2157 28.8279
 2158 28.7819
 2159 28.736
 2160 28.69
 2161 28.6439
 2162 28.5979
 2163 28.5519
 2164 28.5058
 2165 28.4597
 2166 28.4137
 2167 28.3676
 2168 28.3214
 2169 28.2753
 2170 28.2292
 2171 28.183
 2172 28.1369
 2173 28.0907
 2174 28.0445
 2175 27.9983
 2176 27.9521
 2177 27.9059
 2178 27.8596
 2179 27.8134
 2180 27.7671
 2181 27.7208
 2182 27.6746
 2183 27.6283
 2184 27.582
 2185 27.5356
 2186 27.4893
 2187 27.443
 2188 27.3966
 2189 27.3503
 2190 27.3039
 2191 27.2575
 2192 27.2111
 2193 27.1647
 2194 27.1183
 2195 27.0719
 2196 27.0255
 2197 26.979
 2198 26.9326
 2199 26.8861
 2200 26.8397
 2201 26.7932
 2202 26.7467
 2203 26.7002
 2204 26.6537
 2205 26.6072
 2206 26.5607
 2207 26.5142
 2208 26.4677
 2209 26.4211
 2210 26.3746
 2211 26.328
 2212 26.2815
 2213 26.2349
 2214 26.1884
 2215 26.1418
 2216 26.0952
 2217 26.0486
 2218 26.002
 2219 25.9554
 2220 25.9088
 2221 25.8622
 2222 25.8156
 2223 25.769
 2224 25.7224
 2225 25.6757
 2226 25.6291
 2227 25.5825
 2228 25.5358
 2229 25.4892
 2230 25.4425
 2231 25.3959
 2232 25.3492
 2233 25.3026
 2234 25.2559
 2235 25.2092
 2236 25.1626
 2237 25.1159
 2238 25.0692
 2239 25.0225
 2240 24.9759
 2241 24.9292
 2242 24.8825
 2243 24.8358
 2244 24.7891
 2245 24.7425
 2246 24.6958
 2247 24.6491
 2248 24.6024
 2249 24.5557
 2250 24.509
 2251 24.4624
 2252 24.4157
 2253 24.369
 2254 24.3223
 2255 24.2756
 2256 24.2289
 2257 24.1823
 2258 24.1356
 2259 24.0889
 2260 24.0422
 2261 23.9956
 2262 23.9489
 2263 23.9022
 2264 23.8556
 2265 23.8089
 2266 23.7622
 2267 23.7156
 2268 23.6689
 2269 23.6223
 2270 23.5756
 2271 23.529
 2272 23.4824
 2273 23.4357
 2274 23.3891
 2275 23.3425
 2276 23.2959
 2277 23.2493
 2278 23.2027
 2279 23.1561
 2280 23.1095
 2281 23.0629
 2282 23.0163
 2283 22.9698
 2284 22.9232
 2285 22.8767
 2286 22.8301
 2287 22.7836
 2288 22.737
 2289 22.6905
 2290 22.644
 2291 22.5975
 2292 22.551
 2293 22.5045
 2294 22.4581
 2295 22.4116
 2296 22.3652
 2297 22.3187
 2298 22.2723
 2299 22.2259
 2300 22.1795
 2301 22.1331
 2302 22.0867
 2303 22.0403
 2304 21.994
 2305 21.9476
 2306 21.9013
 2307 21.855
 2308 21.8087
 2309 21.7624
 2310 21.7161
 2311 21.6698
 2312 21.6236
 2313 21.5774
 2314 21.5311
 2315 21.485
 2316 21.4388
 2317 21.3926
 2318 21.3465
 2319 21.3003
 2320 21.2542
 2321 21.2081
 2322 21.162
 2323 21.116
 2324 21.07
 2325 21.0239
 2326 20.9779
 2327 20.932
 2328 20.886
 2329 20.8401
 2330 20.7941
 2331 20.7482
 2332 20.7024
 2333 20.6565
 2334 20.6107
 2335 20.5649
 2336 20.5191
 2337 20.4734
 2338 20.4276
 2339 20.3819
 2340 20.3362
 2341 20.2906
 2342 20.2449
 2343 20.1993
 2344 20.1538
 2345 20.1082
 2346 20.0627
 2347 20.0172
 2348 19.9717
 2349 19.9263
 2350 19.8809
 2351 19.8355
 2352 19.7901
 2353 19.7448
 2354 19.6995
 2355 19.6543
 2356 19.6091
 2357 19.5639
 2358 19.5187
 2359 19.4736
 2360 19.4285
 2361 19.3835
 2362 19.3384
 2363 19.2934
 2364 19.2485
 2365 19.2036
 2366 19.1587
 2367 19.1139
 2368 19.0691
 2369 19.0243
 2370 18.9796
 2371 18.9349
 2372 18.8903
 2373 18.8457
 2374 18.8011
 2375 18.7566
 2376 18.7121
 2377 18.6677
 2378 18.6233
 2379 18.579
 2380 18.5347
 2381 18.4904
 2382 18.4462
 2383 18.4021
 2384 18.358
 2385 18.3139
 2386 18.2699
 2387 18.2259
 2388 18.182
 2389 18.1381
 2390 18.0943
 2391 18.0505
 2392 18.0068
 2393 17.9632
 2394 17.9196
 2395 17.876
 2396 17.8325
 2397 17.7891
 2398 17.7457
 2399 17.7023
 2400 17.659
 2401 17.6158
 2402 17.5726
 2403 17.5295
 2404 17.4865
 2405 17.4435
 2406 17.4005
 2407 17.3577
 2408 17.3148
 2409 17.2721
 2410 17.2294
 2411 17.1867
 2412 17.1441
 2413 17.1016
 2414 17.0591
 2415 17.0167
 2416 16.9744
 2417 16.9321
 2418 16.8899
 2419 16.8477
 2420 16.8056
 2421 16.7635
 2422 16.7215
 2423 16.6796
 2424 16.6377
 2425 16.5958
 2426 16.554
 2427 16.5123
 2428 16.4706
 2429 16.429
 2430 16.3874
 2431 16.3458
 2432 16.3043
 2433 16.2628
 2434 16.2214
 2435 16.18
 2436 16.1386
 2437 16.0973
 2438 16.056
 2439 16.0147
 2440 15.9734
 2441 15.9321
 2442 15.8909
 2443 15.8497
 2444 15.8084
 2445 15.7672
 2446 15.726
 2447 15.6848
 2448 15.6435
 2449 15.6023
 2450 15.5611
 2451 15.5198
 2452 15.4786
 2453 15.4374
 2454 15.3961
 2455 15.3549
 2456 15.3136
